Cluster 0
=================================================
                0              1            2            3              4            5            6            7            8            9            10           11
count  6062.000000    6062.000000  6062.000000  6062.000000    6062.000000  6062.000000  6062.000000  6062.000000  6062.000000  6062.000000  6062.000000  6062.000000
mean      0.508578   56181.198119    32.201584     7.622402  494845.290003   263.230947     2.610195     8.184922     1.573243     1.832234     2.429561     0.326790
std       0.499968   25820.571273    39.809702     9.732596  251499.649155    94.179490     3.133763     3.947429     1.626530     1.516688     1.339895     0.469078
min       0.000000   20007.000000    -2.000000     0.000000  150121.000000   130.000000     0.000000     1.000000     0.000000     0.000000     0.000000     0.000000
25%       0.000000   34694.250000     0.000000     0.000000  265526.500000   188.000000     1.000000     5.000000     0.000000     1.000000     1.000000     0.000000
50%       1.000000   49855.500000     0.000000     0.000000  453900.000000   248.000000     1.000000     8.000000     1.000000     1.000000     3.000000     0.000000
75%       1.000000   76412.750000    60.000000    15.000000  701294.000000   329.000000     4.000000    12.000000     4.000000     4.000000     3.000000     1.000000
max       1.000000  158418.000000   263.000000    83.000000  999996.000000   867.000000    29.000000    15.000000     4.000000     4.000000     4.000000     1.000000
=================================================

Cluster 1
=================================================
                0              1            2            3              4            5            6            7            8            9            10           11
count  2214.000000    2214.000000  2214.000000  2214.000000    2214.000000  2214.000000  2214.000000  2214.000000  2214.000000  2214.000000  2214.000000  2214.000000
mean      0.508582  128172.241192   193.700542    24.172990  488598.157182   641.151310    18.893406     6.031165     1.542457     1.780488     2.509485     0.822042
std       0.500039   22030.490681    42.991768    26.786741  250871.545458   159.926735     6.844831     4.416256     1.624417     1.492763     1.317493     0.382564
min       0.000000   28169.000000     0.000000     0.000000  150002.000000   140.000000     0.000000     1.000000     0.000000     0.000000     0.000000     0.000000
25%       0.000000  113705.750000   177.000000     0.000000  265847.000000   516.000000    14.000000     2.000000     0.000000     1.000000     1.000000     1.000000
50%       1.000000  130357.500000   198.000000    15.000000  446570.500000   652.000000    19.000000     5.000000     1.000000     1.000000     3.000000     1.000000
75%       1.000000  145944.000000   220.000000    42.000000  693529.500000   778.000000    24.000000     9.000000     3.000000     3.000000     4.000000     1.000000
max       1.000000  159945.000000   301.000000    89.000000  999970.000000   899.000000    29.000000    15.000000     4.000000     4.000000     4.000000     1.000000
================================================= 

Cluster 2
=================================================
                0              1            2            3              4            5            6            7            8            9            10           11
count  4104.000000    4104.000000  4104.000000  4104.000000    4104.000000  4104.000000  4104.000000  4104.000000  4104.000000  4104.000000  4104.000000  4104.000000
mean      0.491715   56175.209064   195.502680    19.973441  489011.130361   263.153509    19.301657     6.249756     1.519250     1.812135     2.551901     0.597953
std       0.499992   25154.666335    40.710297    23.566222  252317.297291    93.219962     6.463617     4.315800     1.627398     1.513459     1.314252     0.490371
min       0.000000   20009.000000     0.000000     0.000000  150015.000000   130.000000     0.000000     1.000000     0.000000     0.000000     0.000000     0.000000
25%       0.000000   35077.000000   179.000000     0.000000  258707.500000   188.000000    15.000000     2.000000     0.000000     1.000000     1.000000     0.000000
50%       0.000000   50070.000000   200.000000    12.000000  441853.500000   251.000000    20.000000     5.000000     1.000000     1.000000     3.000000     1.000000
75%       1.000000   76446.000000   220.000000    29.000000  698232.000000   330.000000    25.000000    10.000000     3.000000     4.000000     4.000000     1.000000
max       1.000000  158102.000000   335.000000    89.000000  999989.000000   888.000000    29.000000    15.000000     4.000000     4.000000     4.000000     1.000000
=================================================

Cluster 3
=================================================
                0              1            2            3              4            5            6            7            8            9            10           11
count  3702.000000    3702.000000  3702.000000  3702.000000    3702.000000  3702.000000  3702.000000  3702.000000  3702.000000  3702.000000  3702.000000  3702.000000
mean      0.487304   66079.329552    45.548352    60.586980  500468.583739   303.721772     3.516748     1.789573     1.583468     1.800648     2.527283     0.510805
std       0.499906   33474.002811    56.604605    18.847426  254378.907628   136.451372     4.479816     1.432539     1.625395     1.515557     1.301667     0.499951
min       0.000000   20013.000000     0.000000     9.000000  150027.000000   130.000000     0.000000     1.000000     0.000000     0.000000     0.000000     0.000000
25%       0.000000   38311.250000     0.000000    45.000000  265527.250000   203.000000     1.000000     1.000000     0.000000     1.000000     1.000000     0.000000
50%       0.000000   60176.000000    42.000000    62.000000  465841.000000   279.000000     3.000000     2.000000     1.000000     1.000000     3.000000     1.000000
75%       1.000000   89236.000000    66.000000    77.000000  716893.500000   365.000000     4.000000     2.000000     4.000000     4.000000     4.000000     1.000000
max       1.000000  159651.000000   262.000000    89.000000  999166.000000   894.000000    29.000000    15.000000     4.000000     4.000000     4.000000     1.000000
=================================================

Cluster 4
=================================================
                0              1            2            3              4            5            6            7            8            9            10           11
count  3918.000000    3918.000000  3918.000000  3918.000000    3918.000000  3918.000000  3918.000000  3918.000000  3918.000000  3918.000000  3918.000000  3918.000000
mean      0.514803  129177.247065    31.794028    18.372384  490546.309597   656.642930     2.584992     6.330015     1.601072     1.824655     2.492853     0.435426
std       0.499845   21365.204561    37.558909    21.759282  252848.558881   151.743099     2.856950     4.250165     1.642202     1.510117     1.328129     0.495876
min       0.000000   21451.000000     0.000000     0.000000  150167.000000   132.000000     0.000000     1.000000     0.000000     0.000000     0.000000     0.000000
25%       0.000000  115087.250000     0.000000     0.000000  261262.000000   538.000000     1.000000     2.000000     0.000000     1.000000     1.000000     0.000000
50%       1.000000  131263.000000     0.000000    12.000000  446380.500000   667.500000     3.000000     5.000000     1.000000     1.000000     3.000000     0.000000
75%       1.000000  146143.500000    60.000000    25.000000  703439.000000   782.000000     4.000000    10.000000     4.000000     4.000000     4.000000     1.000000
max       1.000000  159983.000000   251.000000    89.000000  999651.000000   899.000000    27.000000    15.000000     4.000000     4.000000     4.000000     1.000000
=================================================